{
 "cells": [
  {
   "cell_type": "markdown",
   "metadata": {},
   "source": [
    "# DX 601 Week 10 Homework"
   ]
  },
  {
   "cell_type": "markdown",
   "metadata": {},
   "source": [
    "## Introduction\n",
    "\n",
    "In this homework, you will practice basic operations with matrices."
   ]
  },
  {
   "cell_type": "markdown",
   "metadata": {},
   "source": [
    "## Example Code\n",
    "\n",
    "You may find it helpful to refer to this GitHub repository of Jupyter notebooks for example code.\n",
    "\n",
    "* https://github.com/bu-cds-omds/dx500-examples\n",
    "* https://github.com/bu-cds-omds/dx601-examples\n",
    "* https://github.com/bu-cds-omds/dx602-examples\n",
    "\n",
    "Any calculations demonstrated in code examples or videos may be found in these notebooks, and you are allowed to copy this example code in your homework answers."
   ]
  },
  {
   "cell_type": "markdown",
   "metadata": {},
   "source": [
    "Make sure to watch these:\n",
    "\n",
    "https://www.youtube.com/watch?v=k7RM-ot2NWY&t=6s\n",
    "\n",
    "https://www.youtube.com/watch?v=kYB8IZa5AuE&t=58s\n",
    "\n",
    "https://www.youtube.com/watch?v=XkY2DOUCWMU&t=89s\n"
   ]
  },
  {
   "cell_type": "markdown",
   "metadata": {},
   "source": [
    "## Shared Imports\n",
    "\n",
    "Do not install or use any additional modules.\n",
    "Installing additional modules may result in an autograder failure resulting in zero points for some or all problems."
   ]
  },
  {
   "cell_type": "code",
   "execution_count": 1,
   "metadata": {},
   "outputs": [],
   "source": [
    "import math\n",
    "import sys"
   ]
  },
  {
   "cell_type": "code",
   "execution_count": 2,
   "metadata": {},
   "outputs": [],
   "source": [
    "import matplotlib.pyplot as plt\n",
    "import numpy as np\n",
    "import pandas as pd"
   ]
  },
  {
   "cell_type": "markdown",
   "metadata": {},
   "source": [
    "## Problems"
   ]
  },
  {
   "cell_type": "markdown",
   "metadata": {},
   "source": [
    "### Problem 1\n",
    "\n",
    "Set `p1` to the trace of the matrix\n",
    "\\begin{bmatrix}\n",
    "1 & 5 & 2 \\\\\n",
    "-7 & 9 & 8 \\\\\n",
    "3 & 2 & 6 \\\\\n",
    "\\end{bmatrix}\n"
   ]
  },
  {
   "cell_type": "code",
   "execution_count": 4,
   "metadata": {},
   "outputs": [],
   "source": [
    "# YOUR CHANGES HERE\n",
    "\n",
    "p1 = np.trace(np.array([[1,5,2],[-7,9,8],[3,2,6]]))"
   ]
  },
  {
   "cell_type": "code",
   "execution_count": 5,
   "metadata": {},
   "outputs": [
    {
     "data": {
      "text/plain": [
       "np.int64(16)"
      ]
     },
     "execution_count": 5,
     "metadata": {},
     "output_type": "execute_result"
    }
   ],
   "source": [
    "p1"
   ]
  },
  {
   "cell_type": "markdown",
   "metadata": {},
   "source": [
    "### Problem 2\n",
    "\n",
    "Set `p2` to the transpose of the matrix\n",
    "\n",
    "\\begin{bmatrix}\n",
    "4 & 2 & 7 \\\\\n",
    "8 & 5 & 1 \\\\\n",
    "2 & 6 & 3 \\\\\n",
    "\\end{bmatrix}\n"
   ]
  },
  {
   "cell_type": "code",
   "execution_count": 6,
   "metadata": {},
   "outputs": [],
   "source": [
    "# YOUR CHANGES HERE\n",
    "\n",
    "p2 = np.array(\n",
    "    [[4,2,7],\n",
    "     [8,5,1],\n",
    "     [2,6,3]]\n",
    ").T"
   ]
  },
  {
   "cell_type": "code",
   "execution_count": 7,
   "metadata": {},
   "outputs": [
    {
     "data": {
      "text/plain": [
       "array([[4, 8, 2],\n",
       "       [2, 5, 6],\n",
       "       [7, 1, 3]])"
      ]
     },
     "execution_count": 7,
     "metadata": {},
     "output_type": "execute_result"
    }
   ],
   "source": [
    "p2"
   ]
  },
  {
   "cell_type": "markdown",
   "metadata": {},
   "source": [
    "### Problem 3\n",
    "\n",
    "Set `p3` to be the transpose of `q3`.\n"
   ]
  },
  {
   "cell_type": "code",
   "execution_count": 8,
   "metadata": {},
   "outputs": [
    {
     "data": {
      "text/plain": [
       "array([[-0.01360112, -1.46500812, -0.27692561, -0.42310394, -1.08916478],\n",
       "       [-0.92981147, -1.33763129, -0.60155956,  1.20761548,  0.84523834],\n",
       "       [-0.7357686 , -0.17268799,  0.88596177, -0.98521575, -1.15429029],\n",
       "       [-0.98100767, -0.16181207,  0.52053393,  0.74956931, -2.0668364 ],\n",
       "       [-0.55031032, -0.96781023,  0.2562466 ,  1.05642169, -0.48648003]])"
      ]
     },
     "execution_count": 8,
     "metadata": {},
     "output_type": "execute_result"
    }
   ],
   "source": [
    "# DO NOT CHANGE\n",
    "\n",
    "q3 = np.array([[-0.01360112, -1.46500812, -0.27692561, -0.42310394, -1.08916478],\n",
    "       [-0.92981147, -1.33763129, -0.60155956,  1.20761548,  0.84523834],\n",
    "       [-0.7357686 , -0.17268799,  0.88596177, -0.98521575, -1.15429029],\n",
    "       [-0.98100767, -0.16181207,  0.52053393,  0.74956931, -2.0668364 ],\n",
    "       [-0.55031032, -0.96781023,  0.2562466 ,  1.05642169, -0.48648003]])\n",
    "q3"
   ]
  },
  {
   "cell_type": "markdown",
   "metadata": {},
   "source": [
    "Hint: NumPy has a few ways to do this trivially.\n",
    "You can look them up faster than typing in this matrix or its transpose."
   ]
  },
  {
   "cell_type": "code",
   "execution_count": 9,
   "metadata": {},
   "outputs": [],
   "source": [
    "# YOUR CHANGES HERE\n",
    "\n",
    "p3 = q3.T"
   ]
  },
  {
   "cell_type": "code",
   "execution_count": 10,
   "metadata": {},
   "outputs": [
    {
     "data": {
      "text/plain": [
       "array([[-0.01360112, -0.92981147, -0.7357686 , -0.98100767, -0.55031032],\n",
       "       [-1.46500812, -1.33763129, -0.17268799, -0.16181207, -0.96781023],\n",
       "       [-0.27692561, -0.60155956,  0.88596177,  0.52053393,  0.2562466 ],\n",
       "       [-0.42310394,  1.20761548, -0.98521575,  0.74956931,  1.05642169],\n",
       "       [-1.08916478,  0.84523834, -1.15429029, -2.0668364 , -0.48648003]])"
      ]
     },
     "execution_count": 10,
     "metadata": {},
     "output_type": "execute_result"
    }
   ],
   "source": [
    "p3"
   ]
  },
  {
   "cell_type": "markdown",
   "metadata": {},
   "source": [
    "### Problem 4\n",
    "\n",
    "Write a function `p4` that returns `True` if an input matrix is symmetric and `False` otherwise."
   ]
  },
  {
   "cell_type": "markdown",
   "metadata": {},
   "source": [
    "Hint: NumPy has a function [`np.array_equal`](https://numpy.org/doc/stable/reference/generated/numpy.array_equal.html) that will make this easier."
   ]
  },
  {
   "cell_type": "code",
   "execution_count": 14,
   "metadata": {},
   "outputs": [],
   "source": [
    "# YOUR CHANGES HERE\n",
    "\n",
    "def p4(m):\n",
    "    return np.array_equal(m, m.T)"
   ]
  },
  {
   "cell_type": "code",
   "execution_count": 15,
   "metadata": {},
   "outputs": [
    {
     "data": {
      "text/plain": [
       "True"
      ]
     },
     "execution_count": 15,
     "metadata": {},
     "output_type": "execute_result"
    }
   ],
   "source": [
    "# should return true\n",
    "p4(np.array([[1, 0], [0, 1]]))"
   ]
  },
  {
   "cell_type": "code",
   "execution_count": 16,
   "metadata": {},
   "outputs": [
    {
     "data": {
      "text/plain": [
       "False"
      ]
     },
     "execution_count": 16,
     "metadata": {},
     "output_type": "execute_result"
    }
   ],
   "source": [
    "# should return false\n",
    "p4(np.array([[1, 2], [3, 4]]))"
   ]
  },
  {
   "cell_type": "markdown",
   "metadata": {},
   "source": [
    "### Problem 5\n",
    "\n",
    "Set `p5` to $3x + 2y$ where $x$ and $y$ are respectively in `x5` and `y5`.\n"
   ]
  },
  {
   "cell_type": "code",
   "execution_count": 17,
   "metadata": {},
   "outputs": [
    {
     "data": {
      "text/plain": [
       "array([[-0.24389677, -0.26830261, -0.9870142 ,  1.23274779,  0.00824161],\n",
       "       [ 0.33685162,  0.50438823,  0.50953501,  1.06299757,  0.47553274],\n",
       "       [-0.06979652,  0.88705427,  0.06441108, -0.36479521,  2.14335222],\n",
       "       [ 0.20775683,  0.96549669,  0.89559484,  1.36015926,  0.21595356],\n",
       "       [ 1.42545495,  1.1969253 ,  0.84640923,  1.79356692, -1.83408336]])"
      ]
     },
     "execution_count": 17,
     "metadata": {},
     "output_type": "execute_result"
    }
   ],
   "source": [
    "# DO NOT CHANGE\n",
    "\n",
    "x5 = np.array([[-0.24389677, -0.26830261, -0.9870142 ,  1.23274779,  0.00824161],\n",
    "       [ 0.33685162,  0.50438823,  0.50953501,  1.06299757,  0.47553274],\n",
    "       [-0.06979652,  0.88705427,  0.06441108, -0.36479521,  2.14335222],\n",
    "       [ 0.20775683,  0.96549669,  0.89559484,  1.36015926,  0.21595356],\n",
    "       [ 1.42545495,  1.1969253 ,  0.84640923,  1.79356692, -1.83408336]])\n",
    "x5"
   ]
  },
  {
   "cell_type": "code",
   "execution_count": 18,
   "metadata": {},
   "outputs": [
    {
     "data": {
      "text/plain": [
       "array([[ 1.46994671, -0.05535155,  0.1809549 ,  0.09982112,  0.72415382],\n",
       "       [-0.43302509,  0.28419608,  1.43481809,  0.19801696,  0.22396864],\n",
       "       [-1.21475138,  0.60960865,  0.90861035,  0.25103477,  0.57198302],\n",
       "       [-1.21089702,  0.17419828,  0.04772397, -0.97154458, -0.74168603],\n",
       "       [-2.05435996,  0.00357587, -0.31438553, -0.52754128,  0.35035861]])"
      ]
     },
     "execution_count": 18,
     "metadata": {},
     "output_type": "execute_result"
    }
   ],
   "source": [
    "# DO NOT CHANGE\n",
    "\n",
    "y5 = np.array([[ 1.46994671, -0.05535155,  0.1809549 ,  0.09982112,  0.72415382],\n",
    "       [-0.43302509,  0.28419608,  1.43481809,  0.19801696,  0.22396864],\n",
    "       [-1.21475138,  0.60960865,  0.90861035,  0.25103477,  0.57198302],\n",
    "       [-1.21089702,  0.17419828,  0.04772397, -0.97154458, -0.74168603],\n",
    "       [-2.05435996,  0.00357587, -0.31438553, -0.52754128,  0.35035861]])\n",
    "y5"
   ]
  },
  {
   "cell_type": "code",
   "execution_count": 23,
   "metadata": {},
   "outputs": [],
   "source": [
    "# YOUR CHANGES HERE\n",
    "\n",
    "p5 = 3*x5 + 2*y5"
   ]
  },
  {
   "cell_type": "code",
   "execution_count": 24,
   "metadata": {},
   "outputs": [
    {
     "data": {
      "text/plain": [
       "array([[ 2.20820311, -0.91561093, -2.5991328 ,  3.89788561,  1.47303247],\n",
       "       [ 0.14450468,  2.08155685,  4.39824121,  3.58502663,  1.8745355 ],\n",
       "       [-2.63889232,  3.88038011,  2.01045394, -0.59231609,  7.5740227 ],\n",
       "       [-1.79852355,  3.24488663,  2.78223246,  2.13738862, -0.83551138],\n",
       "       [ 0.16764493,  3.59792764,  1.91045663,  4.3256182 , -4.80153286]])"
      ]
     },
     "execution_count": 24,
     "metadata": {},
     "output_type": "execute_result"
    }
   ],
   "source": [
    "p5"
   ]
  },
  {
   "cell_type": "markdown",
   "metadata": {},
   "source": [
    "### Problem 6\n",
    "\n",
    "Set `p6` to the result of the matrix multiplication\n",
    "$\\begin{bmatrix}\n",
    "1 & 3 \\\\\n",
    "2 & 0 \\\\\n",
    "\\end{bmatrix}\n",
    "\\begin{bmatrix}\n",
    "0 & 3 \\\\\n",
    "2 & -1 \\\\\n",
    "\\end{bmatrix}$\n"
   ]
  },
  {
   "cell_type": "code",
   "execution_count": 27,
   "metadata": {},
   "outputs": [],
   "source": [
    "# YOUR CHANGES HERE\n",
    "\n",
    "p6 = np.array([[1,3],[2,0]]) @ np.array([[0,3],[2,-1]])"
   ]
  },
  {
   "cell_type": "code",
   "execution_count": 28,
   "metadata": {},
   "outputs": [
    {
     "data": {
      "text/plain": [
       "array([[6, 0],\n",
       "       [0, 6]])"
      ]
     },
     "execution_count": 28,
     "metadata": {},
     "output_type": "execute_result"
    }
   ],
   "source": [
    "p6"
   ]
  },
  {
   "cell_type": "markdown",
   "metadata": {},
   "source": [
    "### Problem 7\n",
    "\n",
    "Set `p7` to be the result of multiplying the matrices in `x7` and `y7`."
   ]
  },
  {
   "cell_type": "markdown",
   "metadata": {},
   "source": [
    "Hint: use NumPy's matrix multiplication functionality."
   ]
  },
  {
   "cell_type": "code",
   "execution_count": 29,
   "metadata": {},
   "outputs": [
    {
     "data": {
      "text/plain": [
       "array([[ 1.12510969, -0.68403506,  1.106613  ,  0.26977997,  1.31003595],\n",
       "       [-2.46789639, -0.631568  , -0.40459478, -0.44276999,  0.35342956],\n",
       "       [ 0.08847366,  1.04391453, -2.06768109, -1.59304958, -1.45124381],\n",
       "       [-0.31574675,  0.47213461,  0.01544427, -1.00203016,  0.30260759],\n",
       "       [-0.18144407,  0.55210749, -0.96200836,  0.77615041, -0.82085057]])"
      ]
     },
     "execution_count": 29,
     "metadata": {},
     "output_type": "execute_result"
    }
   ],
   "source": [
    "# DO NOT CHANGE\n",
    "\n",
    "x7 = np.array([[ 1.12510969, -0.68403506,  1.106613  ,  0.26977997,  1.31003595],\n",
    "       [-2.46789639, -0.631568  , -0.40459478, -0.44276999,  0.35342956],\n",
    "       [ 0.08847366,  1.04391453, -2.06768109, -1.59304958, -1.45124381],\n",
    "       [-0.31574675,  0.47213461,  0.01544427, -1.00203016,  0.30260759],\n",
    "       [-0.18144407,  0.55210749, -0.96200836,  0.77615041, -0.82085057]])\n",
    "x7"
   ]
  },
  {
   "cell_type": "code",
   "execution_count": 30,
   "metadata": {},
   "outputs": [
    {
     "data": {
      "text/plain": [
       "array([[-0.53240175,  0.59279203,  0.19610132,  0.31489693,  1.31591487],\n",
       "       [ 0.90107926,  0.01106459,  0.4695847 ,  0.21402271,  0.48587671],\n",
       "       [-0.31841096,  1.08388531,  0.05264241, -0.3044392 ,  1.34193777],\n",
       "       [-0.56276555, -0.71220132, -0.99487118,  0.66883629,  0.49585603],\n",
       "       [-0.01016394, -2.2580422 , -2.72960502, -0.33287333, -0.34948483]])"
      ]
     },
     "execution_count": 30,
     "metadata": {},
     "output_type": "execute_result"
    }
   ],
   "source": [
    "# DO NOT CHANGE\n",
    "\n",
    "y7 = np.array([[-0.53240175,  0.59279203,  0.19610132,  0.31489693,  1.31591487],\n",
    "       [ 0.90107926,  0.01106459,  0.4695847 ,  0.21402271,  0.48587671],\n",
    "       [-0.31841096,  1.08388531,  0.05264241, -0.3044392 ,  1.34193777],\n",
    "       [-0.56276555, -0.71220132, -0.99487118,  0.66883629,  0.49585603],\n",
    "       [-0.01016394, -2.2580422 , -2.72960502, -0.33287333, -0.34948483]])\n",
    "y7"
   ]
  },
  {
   "cell_type": "code",
   "execution_count": 31,
   "metadata": {},
   "outputs": [],
   "source": [
    "# YOUR CHANGES HERE\n",
    "\n",
    "p7 = x7 @ y7"
   ]
  },
  {
   "cell_type": "code",
   "execution_count": 32,
   "metadata": {},
   "outputs": [
    {
     "data": {
      "text/plain": [
       "array([[-1.73287588, -1.29142505, -3.88659915, -0.38463922,  2.30913198],\n",
       "       [ 1.1192304 , -2.39118918, -1.32605525, -1.20291629, -4.4404152 ],\n",
       "       [ 2.4631823 ,  2.23440959,  5.94490988,  0.29835567, -2.43379733],\n",
       "       [ 1.14944957, -0.13486187,  0.33149359, -0.77400613, -0.76799084],\n",
       "       [ 0.47196012,  0.1565834 ,  1.64146553,  1.14625724, -0.58973045]])"
      ]
     },
     "execution_count": 32,
     "metadata": {},
     "output_type": "execute_result"
    }
   ],
   "source": [
    "p7"
   ]
  },
  {
   "cell_type": "markdown",
   "metadata": {},
   "source": [
    "### Problem 8\n",
    "\n",
    "Set `p8` to the result of the matrix-vector multiplication\n",
    "$\\begin{bmatrix}\n",
    "1 & 3 \\\\\n",
    "4 & 0 \\\\\n",
    "\\end{bmatrix}\n",
    "\\begin{bmatrix}\n",
    "1 \\\\\n",
    "2 \\\\\n",
    "\\end{bmatrix}$."
   ]
  },
  {
   "cell_type": "code",
   "execution_count": 96,
   "metadata": {},
   "outputs": [],
   "source": [
    "# YOUR CHANGES HERE\n",
    "\n",
    "p8 = np.array([7,4])"
   ]
  },
  {
   "cell_type": "code",
   "execution_count": 97,
   "metadata": {},
   "outputs": [
    {
     "data": {
      "text/plain": [
       "array([7, 4])"
      ]
     },
     "execution_count": 97,
     "metadata": {},
     "output_type": "execute_result"
    }
   ],
   "source": [
    "p8"
   ]
  },
  {
   "cell_type": "markdown",
   "metadata": {},
   "source": [
    "### Problem 9\n",
    "\n",
    "Set `p9` to be the result of matrix multiplication on `components9` and `materials9`.\n"
   ]
  },
  {
   "cell_type": "markdown",
   "metadata": {},
   "source": [
    "Hint: even though these are data frames, you can still multiply them with the @ operator as if they were NumPy arrays, but the indexes and column names will be preserved."
   ]
  },
  {
   "cell_type": "code",
   "execution_count": 35,
   "metadata": {},
   "outputs": [
    {
     "data": {
      "text/html": [
       "<div>\n",
       "<style scoped>\n",
       "    .dataframe tbody tr th:only-of-type {\n",
       "        vertical-align: middle;\n",
       "    }\n",
       "\n",
       "    .dataframe tbody tr th {\n",
       "        vertical-align: top;\n",
       "    }\n",
       "\n",
       "    .dataframe thead th {\n",
       "        text-align: right;\n",
       "    }\n",
       "</style>\n",
       "<table border=\"1\" class=\"dataframe\">\n",
       "  <thead>\n",
       "    <tr style=\"text-align: right;\">\n",
       "      <th></th>\n",
       "      <th>gears</th>\n",
       "      <th>wires</th>\n",
       "      <th>leds</th>\n",
       "    </tr>\n",
       "  </thead>\n",
       "  <tbody>\n",
       "    <tr>\n",
       "      <th>robot</th>\n",
       "      <td>4</td>\n",
       "      <td>2</td>\n",
       "      <td>5</td>\n",
       "    </tr>\n",
       "    <tr>\n",
       "      <th>cart</th>\n",
       "      <td>1</td>\n",
       "      <td>1</td>\n",
       "      <td>2</td>\n",
       "    </tr>\n",
       "    <tr>\n",
       "      <th>vacuum</th>\n",
       "      <td>2</td>\n",
       "      <td>3</td>\n",
       "      <td>1</td>\n",
       "    </tr>\n",
       "  </tbody>\n",
       "</table>\n",
       "</div>"
      ],
      "text/plain": [
       "        gears  wires  leds\n",
       "robot       4      2     5\n",
       "cart        1      1     2\n",
       "vacuum      2      3     1"
      ]
     },
     "execution_count": 35,
     "metadata": {},
     "output_type": "execute_result"
    }
   ],
   "source": [
    "# DO NOT CHANGE\n",
    "\n",
    "components9 = pd.DataFrame(index=[\"robot\", \"cart\", \"vacuum\"],\n",
    "                           data={\"gears\": [4, 1, 2], \"wires\": [2, 1, 3], \"leds\": [5, 2, 1]})\n",
    "components9"
   ]
  },
  {
   "cell_type": "code",
   "execution_count": 36,
   "metadata": {},
   "outputs": [
    {
     "data": {
      "text/html": [
       "<div>\n",
       "<style scoped>\n",
       "    .dataframe tbody tr th:only-of-type {\n",
       "        vertical-align: middle;\n",
       "    }\n",
       "\n",
       "    .dataframe tbody tr th {\n",
       "        vertical-align: top;\n",
       "    }\n",
       "\n",
       "    .dataframe thead th {\n",
       "        text-align: right;\n",
       "    }\n",
       "</style>\n",
       "<table border=\"1\" class=\"dataframe\">\n",
       "  <thead>\n",
       "    <tr style=\"text-align: right;\">\n",
       "      <th></th>\n",
       "      <th>metal</th>\n",
       "      <th>plastic</th>\n",
       "    </tr>\n",
       "  </thead>\n",
       "  <tbody>\n",
       "    <tr>\n",
       "      <th>gears</th>\n",
       "      <td>1.00</td>\n",
       "      <td>1.00</td>\n",
       "    </tr>\n",
       "    <tr>\n",
       "      <th>wires</th>\n",
       "      <td>0.20</td>\n",
       "      <td>0.40</td>\n",
       "    </tr>\n",
       "    <tr>\n",
       "      <th>leds</th>\n",
       "      <td>0.01</td>\n",
       "      <td>0.02</td>\n",
       "    </tr>\n",
       "  </tbody>\n",
       "</table>\n",
       "</div>"
      ],
      "text/plain": [
       "       metal  plastic\n",
       "gears   1.00     1.00\n",
       "wires   0.20     0.40\n",
       "leds    0.01     0.02"
      ]
     },
     "execution_count": 36,
     "metadata": {},
     "output_type": "execute_result"
    }
   ],
   "source": [
    "# DO NOT CHANGE\n",
    "\n",
    "materials9 = pd.DataFrame(index=[\"gears\", \"wires\", \"leds\"],\n",
    "                          data={\"metal\": [1, 0.2, 0.01], \"plastic\": [1, 0.4, 0.02]})\n",
    "materials9"
   ]
  },
  {
   "cell_type": "code",
   "execution_count": 37,
   "metadata": {},
   "outputs": [],
   "source": [
    "# YOUR CHANGES HERE\n",
    "\n",
    "p9 = components9 @ materials9"
   ]
  },
  {
   "cell_type": "code",
   "execution_count": 38,
   "metadata": {},
   "outputs": [
    {
     "data": {
      "text/html": [
       "<div>\n",
       "<style scoped>\n",
       "    .dataframe tbody tr th:only-of-type {\n",
       "        vertical-align: middle;\n",
       "    }\n",
       "\n",
       "    .dataframe tbody tr th {\n",
       "        vertical-align: top;\n",
       "    }\n",
       "\n",
       "    .dataframe thead th {\n",
       "        text-align: right;\n",
       "    }\n",
       "</style>\n",
       "<table border=\"1\" class=\"dataframe\">\n",
       "  <thead>\n",
       "    <tr style=\"text-align: right;\">\n",
       "      <th></th>\n",
       "      <th>metal</th>\n",
       "      <th>plastic</th>\n",
       "    </tr>\n",
       "  </thead>\n",
       "  <tbody>\n",
       "    <tr>\n",
       "      <th>robot</th>\n",
       "      <td>4.45</td>\n",
       "      <td>4.90</td>\n",
       "    </tr>\n",
       "    <tr>\n",
       "      <th>cart</th>\n",
       "      <td>1.22</td>\n",
       "      <td>1.44</td>\n",
       "    </tr>\n",
       "    <tr>\n",
       "      <th>vacuum</th>\n",
       "      <td>2.61</td>\n",
       "      <td>3.22</td>\n",
       "    </tr>\n",
       "  </tbody>\n",
       "</table>\n",
       "</div>"
      ],
      "text/plain": [
       "        metal  plastic\n",
       "robot    4.45     4.90\n",
       "cart     1.22     1.44\n",
       "vacuum   2.61     3.22"
      ]
     },
     "execution_count": 38,
     "metadata": {},
     "output_type": "execute_result"
    }
   ],
   "source": [
    "p9"
   ]
  },
  {
   "cell_type": "markdown",
   "metadata": {},
   "source": [
    "### Problem 10\n",
    "\n",
    "The variable `q10` has the transition probabilities for a trivial weather model based on Markov chains.\n",
    "Set `p10` to be the steady state probabilities of each weather condition under this model."
   ]
  },
  {
   "cell_type": "code",
   "execution_count": 98,
   "metadata": {},
   "outputs": [
    {
     "data": {
      "text/html": [
       "<div>\n",
       "<style scoped>\n",
       "    .dataframe tbody tr th:only-of-type {\n",
       "        vertical-align: middle;\n",
       "    }\n",
       "\n",
       "    .dataframe tbody tr th {\n",
       "        vertical-align: top;\n",
       "    }\n",
       "\n",
       "    .dataframe thead th {\n",
       "        text-align: right;\n",
       "    }\n",
       "</style>\n",
       "<table border=\"1\" class=\"dataframe\">\n",
       "  <thead>\n",
       "    <tr style=\"text-align: right;\">\n",
       "      <th></th>\n",
       "      <th>sun</th>\n",
       "      <th>cloudy</th>\n",
       "      <th>rainy</th>\n",
       "    </tr>\n",
       "  </thead>\n",
       "  <tbody>\n",
       "    <tr>\n",
       "      <th>sun</th>\n",
       "      <td>0.8</td>\n",
       "      <td>0.1</td>\n",
       "      <td>0.1</td>\n",
       "    </tr>\n",
       "    <tr>\n",
       "      <th>cloudy</th>\n",
       "      <td>0.1</td>\n",
       "      <td>0.5</td>\n",
       "      <td>0.4</td>\n",
       "    </tr>\n",
       "    <tr>\n",
       "      <th>rainy</th>\n",
       "      <td>0.1</td>\n",
       "      <td>0.2</td>\n",
       "      <td>0.7</td>\n",
       "    </tr>\n",
       "  </tbody>\n",
       "</table>\n",
       "</div>"
      ],
      "text/plain": [
       "        sun  cloudy  rainy\n",
       "sun     0.8     0.1    0.1\n",
       "cloudy  0.1     0.5    0.4\n",
       "rainy   0.1     0.2    0.7"
      ]
     },
     "execution_count": 98,
     "metadata": {},
     "output_type": "execute_result"
    }
   ],
   "source": [
    "# DO NOT CHANGE\n",
    "\n",
    "q10 = pd.DataFrame(index=[\"sun\", \"cloudy\", \"rainy\"],\n",
    "                   data={\"sun\": [0.8, 0.1, 0.1],\n",
    "                         \"cloudy\": [0.1, 0.5, 0.2],\n",
    "                         \"rainy\": [0.1, 0.4, 0.7]})\n",
    "q10"
   ]
  },
  {
   "cell_type": "code",
   "execution_count": 99,
   "metadata": {},
   "outputs": [
    {
     "name": "stdout",
     "output_type": "stream",
     "text": [
      "         sun  cloudy  rainy\n",
      "sun     0.66    0.15   0.19\n",
      "cloudy  0.17    0.34   0.49\n",
      "rainy   0.17    0.25   0.58\n",
      "          sun  cloudy  rainy\n",
      "sun     0.562   0.179  0.259\n",
      "cloudy  0.219   0.285  0.496\n",
      "rainy   0.219   0.258  0.523\n",
      "           sun  cloudy   rainy\n",
      "sun     0.4934  0.1975  0.3091\n",
      "cloudy  0.2533  0.2636  0.4831\n",
      "rainy   0.2533  0.2555  0.4912\n",
      "            sun   cloudy    rainy\n",
      "sun     0.44538  0.20991  0.34471\n",
      "cloudy  0.27731  0.25375  0.46894\n",
      "rainy   0.27731  0.25132  0.47137\n",
      "             sun    cloudy     rainy\n",
      "sun     0.411766  0.218435  0.369799\n",
      "cloudy  0.294117  0.248394  0.457489\n",
      "rainy   0.294117  0.247665  0.458218\n",
      "             sun    cloudy     rainy\n",
      "sun     0.388236  0.224354  0.387410\n",
      "cloudy  0.305882  0.245107  0.449012\n",
      "rainy   0.305882  0.244888  0.449230\n",
      "             sun    cloudy     rainy\n",
      "sun     0.371765  0.228483  0.399752\n",
      "cloudy  0.314117  0.242944  0.442939\n",
      "rainy   0.314117  0.242878  0.443005\n",
      "             sun    cloudy     rainy\n",
      "sun     0.360236  0.231368  0.408396\n",
      "cloudy  0.319882  0.241471  0.438646\n",
      "rainy   0.319882  0.241452  0.438666\n",
      "             sun    cloudy     rainy\n",
      "sun     0.352165  0.233387  0.414448\n",
      "cloudy  0.323917  0.240453  0.435629\n",
      "rainy   0.323917  0.240447  0.435635\n",
      "             sun    cloudy     rainy\n",
      "sun     0.346516  0.234800  0.418685\n",
      "cloudy  0.326742  0.239744  0.433514\n",
      "rainy   0.326742  0.239742  0.433515\n",
      "             sun    cloudy     rainy\n",
      "sun     0.342561  0.235788  0.421651\n",
      "cloudy  0.328720  0.239249  0.432031\n",
      "rainy   0.328720  0.239249  0.432032\n",
      "             sun    cloudy     rainy\n",
      "sun     0.339793  0.236480  0.423727\n",
      "cloudy  0.330104  0.238903  0.430994\n",
      "rainy   0.330104  0.238903  0.430994\n",
      "             sun    cloudy     rainy\n",
      "sun     0.337855  0.236965  0.425180\n",
      "cloudy  0.331073  0.238660  0.430267\n",
      "rainy   0.331073  0.238660  0.430267\n",
      "             sun    cloudy     rainy\n",
      "sun     0.336498  0.237304  0.426198\n",
      "cloudy  0.331751  0.238491  0.429758\n",
      "rainy   0.331751  0.238491  0.429758\n",
      "             sun    cloudy     rainy\n",
      "sun     0.335549  0.237541  0.426910\n",
      "cloudy  0.332226  0.238372  0.429402\n",
      "rainy   0.332226  0.238372  0.429402\n",
      "             sun    cloudy     rainy\n",
      "sun     0.334884  0.237708  0.427408\n",
      "cloudy  0.332558  0.238289  0.429153\n",
      "rainy   0.332558  0.238289  0.429153\n",
      "             sun    cloudy     rainy\n",
      "sun     0.334419  0.237824  0.427757\n",
      "cloudy  0.332791  0.238231  0.428979\n",
      "rainy   0.332791  0.238231  0.428979\n",
      "             sun    cloudy     rainy\n",
      "sun     0.334093  0.237905  0.428001\n",
      "cloudy  0.332953  0.238190  0.428856\n",
      "rainy   0.332953  0.238190  0.428856\n",
      "             sun    cloudy     rainy\n",
      "sun     0.333865  0.237962  0.428172\n",
      "cloudy  0.333067  0.238162  0.428771\n",
      "rainy   0.333067  0.238162  0.428771\n",
      "             sun    cloudy     rainy\n",
      "sun     0.333706  0.238002  0.428292\n",
      "cloudy  0.333147  0.238142  0.428711\n",
      "rainy   0.333147  0.238142  0.428711\n",
      "             sun    cloudy     rainy\n",
      "sun     0.333594  0.238030  0.428376\n",
      "cloudy  0.333203  0.238128  0.428669\n",
      "rainy   0.333203  0.238128  0.428669\n",
      "             sun    cloudy     rainy\n",
      "sun     0.333516  0.238050  0.428435\n",
      "cloudy  0.333242  0.238118  0.428640\n",
      "rainy   0.333242  0.238118  0.428640\n",
      "             sun    cloudy     rainy\n",
      "sun     0.333461  0.238063  0.428476\n",
      "cloudy  0.333269  0.238111  0.428619\n",
      "rainy   0.333269  0.238111  0.428619\n",
      "             sun    cloudy     rainy\n",
      "sun     0.333423  0.238073  0.428504\n",
      "cloudy  0.333289  0.238106  0.428605\n",
      "rainy   0.333289  0.238106  0.428605\n",
      "             sun    cloudy     rainy\n",
      "sun     0.333396  0.238080  0.428524\n",
      "cloudy  0.333302  0.238103  0.428595\n",
      "rainy   0.333302  0.238103  0.428595\n",
      "             sun    cloudy     rainy\n",
      "sun     0.333377  0.238084  0.428539\n",
      "cloudy  0.333311  0.238101  0.428588\n",
      "rainy   0.333311  0.238101  0.428588\n",
      "             sun    cloudy     rainy\n",
      "sun     0.333364  0.238088  0.428548\n",
      "cloudy  0.333318  0.238099  0.428583\n",
      "rainy   0.333318  0.238099  0.428583\n",
      "             sun    cloudy     rainy\n",
      "sun     0.333355  0.238090  0.428555\n",
      "cloudy  0.333323  0.238098  0.428579\n",
      "rainy   0.333323  0.238098  0.428579\n",
      "             sun    cloudy     rainy\n",
      "sun     0.333348  0.238091  0.428560\n",
      "cloudy  0.333326  0.238097  0.428577\n",
      "rainy   0.333326  0.238097  0.428577\n",
      "             sun    cloudy     rainy\n",
      "sun     0.333344  0.238093  0.428564\n",
      "cloudy  0.333328  0.238097  0.428575\n",
      "rainy   0.333328  0.238097  0.428575\n",
      "             sun    cloudy     rainy\n",
      "sun     0.333341  0.238093  0.428566\n",
      "cloudy  0.333330  0.238096  0.428574\n",
      "rainy   0.333330  0.238096  0.428574\n",
      "             sun    cloudy     rainy\n",
      "sun     0.333338  0.238094  0.428568\n",
      "cloudy  0.333331  0.238096  0.428573\n",
      "rainy   0.333331  0.238096  0.428573\n",
      "             sun    cloudy     rainy\n",
      "sun     0.333337  0.238094  0.428569\n",
      "cloudy  0.333332  0.238096  0.428573\n",
      "rainy   0.333332  0.238096  0.428573\n",
      "             sun    cloudy     rainy\n",
      "sun     0.333336  0.238095  0.428570\n",
      "cloudy  0.333332  0.238096  0.428572\n",
      "rainy   0.333332  0.238096  0.428572\n",
      "             sun    cloudy     rainy\n",
      "sun     0.333335  0.238095  0.428570\n",
      "cloudy  0.333332  0.238095  0.428572\n",
      "rainy   0.333332  0.238095  0.428572\n",
      "             sun    cloudy     rainy\n",
      "sun     0.333335  0.238095  0.428571\n",
      "cloudy  0.333333  0.238095  0.428572\n",
      "rainy   0.333333  0.238095  0.428572\n",
      "             sun    cloudy     rainy\n",
      "sun     0.333334  0.238095  0.428571\n",
      "cloudy  0.333333  0.238095  0.428572\n",
      "rainy   0.333333  0.238095  0.428572\n",
      "             sun    cloudy     rainy\n",
      "sun     0.333334  0.238095  0.428571\n",
      "cloudy  0.333333  0.238095  0.428572\n",
      "rainy   0.333333  0.238095  0.428572\n",
      "             sun    cloudy     rainy\n",
      "sun     0.333334  0.238095  0.428571\n",
      "cloudy  0.333333  0.238095  0.428572\n",
      "rainy   0.333333  0.238095  0.428572\n",
      "             sun    cloudy     rainy\n",
      "sun     0.333334  0.238095  0.428571\n",
      "cloudy  0.333333  0.238095  0.428572\n",
      "rainy   0.333333  0.238095  0.428572\n",
      "             sun    cloudy     rainy\n",
      "sun     0.333334  0.238095  0.428571\n",
      "cloudy  0.333333  0.238095  0.428572\n",
      "rainy   0.333333  0.238095  0.428572\n",
      "             sun    cloudy     rainy\n",
      "sun     0.333333  0.238095  0.428571\n",
      "cloudy  0.333333  0.238095  0.428571\n",
      "rainy   0.333333  0.238095  0.428571\n",
      "             sun    cloudy     rainy\n",
      "sun     0.333333  0.238095  0.428571\n",
      "cloudy  0.333333  0.238095  0.428571\n",
      "rainy   0.333333  0.238095  0.428571\n",
      "             sun    cloudy     rainy\n",
      "sun     0.333333  0.238095  0.428571\n",
      "cloudy  0.333333  0.238095  0.428571\n",
      "rainy   0.333333  0.238095  0.428571\n",
      "             sun    cloudy     rainy\n",
      "sun     0.333333  0.238095  0.428571\n",
      "cloudy  0.333333  0.238095  0.428571\n",
      "rainy   0.333333  0.238095  0.428571\n",
      "             sun    cloudy     rainy\n",
      "sun     0.333333  0.238095  0.428571\n",
      "cloudy  0.333333  0.238095  0.428571\n",
      "rainy   0.333333  0.238095  0.428571\n",
      "             sun    cloudy     rainy\n",
      "sun     0.333333  0.238095  0.428571\n",
      "cloudy  0.333333  0.238095  0.428571\n",
      "rainy   0.333333  0.238095  0.428571\n",
      "             sun    cloudy     rainy\n",
      "sun     0.333333  0.238095  0.428571\n",
      "cloudy  0.333333  0.238095  0.428571\n",
      "rainy   0.333333  0.238095  0.428571\n",
      "             sun    cloudy     rainy\n",
      "sun     0.333333  0.238095  0.428571\n",
      "cloudy  0.333333  0.238095  0.428571\n",
      "rainy   0.333333  0.238095  0.428571\n",
      "             sun    cloudy     rainy\n",
      "sun     0.333333  0.238095  0.428571\n",
      "cloudy  0.333333  0.238095  0.428571\n",
      "rainy   0.333333  0.238095  0.428571\n",
      "             sun    cloudy     rainy\n",
      "sun     0.333333  0.238095  0.428571\n",
      "cloudy  0.333333  0.238095  0.428571\n",
      "rainy   0.333333  0.238095  0.428571\n",
      "             sun    cloudy     rainy\n",
      "sun     0.333333  0.238095  0.428571\n",
      "cloudy  0.333333  0.238095  0.428571\n",
      "rainy   0.333333  0.238095  0.428571\n",
      "             sun    cloudy     rainy\n",
      "sun     0.333333  0.238095  0.428571\n",
      "cloudy  0.333333  0.238095  0.428571\n",
      "rainy   0.333333  0.238095  0.428571\n",
      "             sun    cloudy     rainy\n",
      "sun     0.333333  0.238095  0.428571\n",
      "cloudy  0.333333  0.238095  0.428571\n",
      "rainy   0.333333  0.238095  0.428571\n",
      "             sun    cloudy     rainy\n",
      "sun     0.333333  0.238095  0.428571\n",
      "cloudy  0.333333  0.238095  0.428571\n",
      "rainy   0.333333  0.238095  0.428571\n",
      "             sun    cloudy     rainy\n",
      "sun     0.333333  0.238095  0.428571\n",
      "cloudy  0.333333  0.238095  0.428571\n",
      "rainy   0.333333  0.238095  0.428571\n",
      "             sun    cloudy     rainy\n",
      "sun     0.333333  0.238095  0.428571\n",
      "cloudy  0.333333  0.238095  0.428571\n",
      "rainy   0.333333  0.238095  0.428571\n",
      "             sun    cloudy     rainy\n",
      "sun     0.333333  0.238095  0.428571\n",
      "cloudy  0.333333  0.238095  0.428571\n",
      "rainy   0.333333  0.238095  0.428571\n",
      "             sun    cloudy     rainy\n",
      "sun     0.333333  0.238095  0.428571\n",
      "cloudy  0.333333  0.238095  0.428571\n",
      "rainy   0.333333  0.238095  0.428571\n",
      "             sun    cloudy     rainy\n",
      "sun     0.333333  0.238095  0.428571\n",
      "cloudy  0.333333  0.238095  0.428571\n",
      "rainy   0.333333  0.238095  0.428571\n",
      "             sun    cloudy     rainy\n",
      "sun     0.333333  0.238095  0.428571\n",
      "cloudy  0.333333  0.238095  0.428571\n",
      "rainy   0.333333  0.238095  0.428571\n",
      "             sun    cloudy     rainy\n",
      "sun     0.333333  0.238095  0.428571\n",
      "cloudy  0.333333  0.238095  0.428571\n",
      "rainy   0.333333  0.238095  0.428571\n",
      "             sun    cloudy     rainy\n",
      "sun     0.333333  0.238095  0.428571\n",
      "cloudy  0.333333  0.238095  0.428571\n",
      "rainy   0.333333  0.238095  0.428571\n",
      "             sun    cloudy     rainy\n",
      "sun     0.333333  0.238095  0.428571\n",
      "cloudy  0.333333  0.238095  0.428571\n",
      "rainy   0.333333  0.238095  0.428571\n",
      "             sun    cloudy     rainy\n",
      "sun     0.333333  0.238095  0.428571\n",
      "cloudy  0.333333  0.238095  0.428571\n",
      "rainy   0.333333  0.238095  0.428571\n",
      "             sun    cloudy     rainy\n",
      "sun     0.333333  0.238095  0.428571\n",
      "cloudy  0.333333  0.238095  0.428571\n",
      "rainy   0.333333  0.238095  0.428571\n",
      "             sun    cloudy     rainy\n",
      "sun     0.333333  0.238095  0.428571\n",
      "cloudy  0.333333  0.238095  0.428571\n",
      "rainy   0.333333  0.238095  0.428571\n",
      "             sun    cloudy     rainy\n",
      "sun     0.333333  0.238095  0.428571\n",
      "cloudy  0.333333  0.238095  0.428571\n",
      "rainy   0.333333  0.238095  0.428571\n",
      "             sun    cloudy     rainy\n",
      "sun     0.333333  0.238095  0.428571\n",
      "cloudy  0.333333  0.238095  0.428571\n",
      "rainy   0.333333  0.238095  0.428571\n",
      "             sun    cloudy     rainy\n",
      "sun     0.333333  0.238095  0.428571\n",
      "cloudy  0.333333  0.238095  0.428571\n",
      "rainy   0.333333  0.238095  0.428571\n",
      "             sun    cloudy     rainy\n",
      "sun     0.333333  0.238095  0.428571\n",
      "cloudy  0.333333  0.238095  0.428571\n",
      "rainy   0.333333  0.238095  0.428571\n",
      "             sun    cloudy     rainy\n",
      "sun     0.333333  0.238095  0.428571\n",
      "cloudy  0.333333  0.238095  0.428571\n",
      "rainy   0.333333  0.238095  0.428571\n",
      "             sun    cloudy     rainy\n",
      "sun     0.333333  0.238095  0.428571\n",
      "cloudy  0.333333  0.238095  0.428571\n",
      "rainy   0.333333  0.238095  0.428571\n",
      "             sun    cloudy     rainy\n",
      "sun     0.333333  0.238095  0.428571\n",
      "cloudy  0.333333  0.238095  0.428571\n",
      "rainy   0.333333  0.238095  0.428571\n",
      "             sun    cloudy     rainy\n",
      "sun     0.333333  0.238095  0.428571\n",
      "cloudy  0.333333  0.238095  0.428571\n",
      "rainy   0.333333  0.238095  0.428571\n",
      "             sun    cloudy     rainy\n",
      "sun     0.333333  0.238095  0.428571\n",
      "cloudy  0.333333  0.238095  0.428571\n",
      "rainy   0.333333  0.238095  0.428571\n",
      "             sun    cloudy     rainy\n",
      "sun     0.333333  0.238095  0.428571\n",
      "cloudy  0.333333  0.238095  0.428571\n",
      "rainy   0.333333  0.238095  0.428571\n",
      "             sun    cloudy     rainy\n",
      "sun     0.333333  0.238095  0.428571\n",
      "cloudy  0.333333  0.238095  0.428571\n",
      "rainy   0.333333  0.238095  0.428571\n",
      "             sun    cloudy     rainy\n",
      "sun     0.333333  0.238095  0.428571\n",
      "cloudy  0.333333  0.238095  0.428571\n",
      "rainy   0.333333  0.238095  0.428571\n",
      "             sun    cloudy     rainy\n",
      "sun     0.333333  0.238095  0.428571\n",
      "cloudy  0.333333  0.238095  0.428571\n",
      "rainy   0.333333  0.238095  0.428571\n",
      "             sun    cloudy     rainy\n",
